8 
23 
48 
83 
128 
183 
248 
323 
408 
503 
608 
723 
848 
983 
1128 
1283 
1448 
1623 
1808 
2003 
2208 
2423 
2648 
2883 
3128 
3383 
3648 
3923 
4208 
4503 
4808 
5123 
5448 
5783 
6128 
6483 
6848 
7223 
7608 
8003 
8408 
8823 
9248 
9683 
10128 
10583 
11048 
11523 
12008 
12503 
13008 
13523 
14048 
14583 
15128 
15683 
16248 
16823 
17408 
18003 
18608 
19223 
19848 
20483 
21128 
21783 
22448 
23123 
23808 
24503 
25208 
25923 
26648 
27383 
28128 
28883 
29648 
30423 
31208 
32003 
32808 
33623 
34448 
35283 
36128 
36983 
37848 
38723 
39608 
40503 
41408 
42323 
43248 
44183 
45128 
46083 
47048 
48023 
49008 
50003 
